49.46 
32.44 
41.06 
53.35 
38.22 
27.98 
37.54 
39.96 
33.61 
19.16 
51.16
63.42 
41.24  
10.18 
49.01 
37.36 
54.60 
51.66 
39.93 
21.56 
43.62 
43.75
12.93 
44.60 
53.31 
62.81 
19.57 
32.36 
42.51 
54.29 
31.50 
45.81 
46.01
37.98 
43.42 
41.30 
27.62 
48.35 
46.79 
44.24 
34.78 
40.93 
24.72 
45.76
32.91 
19.28 
47.16 
40.93 
40.38 
32.78 
35.44 
54.93 
46.84 
50.73 
37.19
39.65 
40.92 
53.13 
57.26 
29.85 
50.83 
43.65 
27.88 
36.38 
34.78 
29.53
31.62 
43.87 
48.38 
59.53 
45.92 
34.03 
46.64 
57.02 
35.31 
41.89 
29.90
19.18 
55.55 
32.75 
29.15 
38.34 
38.80 
28.70 
43.54 
44.48 
46.72 
21.06
31.03 
36.46 
20.00 
42.55 
55.59 
53.08 
48.21 
39.00 
19.81 
39.56 
43.10
49.44